00001
00001
00002
00002
00003
00003
00004
00004
00005
00005
00006
00006
00007
00007
00008
00008
00009
00009
00010
00010
00011
00011
00012
00012
00013
00014
00013
00015
00000
00016
00015
00017
00016
00017
00018
00018
00019
00020
00019
00021
00020
00021
00022
00023
00022
00024
00023
00025
00024
00026
00025
00026
00027
00027
00028
00028
00029
00029
00030
00030
00031
00031
00032
00032
00033
00033
00034
00034
00035
00036
00035
00037
00036
00038
00037
00039
00038
00040
00039
00041
00040
00042
00041
00043
00042
00044
00043
00045
00044
00046
00045
00047
00048
00046
00047
00049
00048
00050
00049
00051
00050
00052
00051
00053
00052
00054
00053
00055
00054
00056
00055
00057
00056
00058
00057
00059
00060
00058
00061
00059
00062
00060
00061
00063
00062
00064
00063
00065
00066
00064
00067
00065
00068
00066
00069
00067
00070
00071
00068
00072
00069
00073
00070
00074
00071
00075
00072
00076
00073
00077
00078
00074
00079
00075
00080
00076
00081
00077
00082
00078
00083
00079
00084
00080
00081
00085
00082
00086
00087
00083
00088
00084
00085
00089
00090
00086
00087
00091
00092
00088
00093
00089
00094
00090
00091
00095
00096
00092
00093
00097
00098
00094
00095
00099
00100
00096
00097
00098
00099
00100
